#Accelerometer
accelerometer_noise_density: 0.013641192327154654 
accelerometer_random_walk: 0.00012145899650722774 

#Gyroscope
gyroscope_noise_density: 0.0015644325493403654 
gyroscope_random_walk: 4.27185925034907e-05 

rostopic: '/sensors/imu' #Make sure this is correct
update_rate: 400.0 #Make sure this is correct

