cam0:
  T_cam_imu:
  - [-0.07001582244859483, 0.054194274279715925, 0.9960726706632116, 0.004929038753881506]
  - [-0.06821879267985759, 0.9959253889542378, -0.05898148829636286, 0.006794641718278416]
  - [-0.9952105209111038, -0.07208051242635767, -0.0660334672435442, -0.009263514149890182]
  - [0.0, 0.0, 0.0, 1.0]
  cam_overlaps: []
  camera_model: pinhole
  distortion_coeffs: [0.13959759693146714, 5.320036932492472, -41.789659591921044, 111.82446081776057]
  distortion_model: equidistant
  intrinsics: [609.2545186094087, 610.068473371284, 316.49639019842755, 234.85954866853976]
  resolution: [640, 480]
  rostopic: /camera/color/image_raw
  timeshift_cam_imu: -0.045893699828254336
